eMOEA:
    Hypervolume: 0.33333333333333337
    GenerationalDistance: 0.0
NSGAII:
    Hypervolume: 0.33333333333333337
    GenerationalDistance: 0.0
Random:
    Hypervolume: 0.0
    GenerationalDistance: 0.0
NSGAIII:
    Hypervolume: 0.33333333333333337
    GenerationalDistance: 0.0
